-235
-2400
-375
-950
0
0.3
0.45
0.5
0.6
0.65
0.67
0.75
1
1.5
1.53374
1.7
1.85
1.9
10
10.3125
10.4
10.5
10.737
10.74
10.75
10.95
100
100.25
100.55
1000
10000
10020
1005
10072
1008
101.25
101.5
1010
1011
1012.5
101220
1013.25
1015
1018.5
102
102.25
102.5
1020
10200
1021.25
10210
10225
1023
1023.75
1024
1025
1026
10260
103
103.5
103.75
1030
1031.45
1031.67
10320
10325
1033
1035
10350
10365
10375
1038.7
10386
1039
104
104.25
104.35
104.46
104.5
1040
1040.5
10400
1042.5
1045
1047.6
1048
105
105.5
1050
10500
1052.28
10525
10535
1054
1055
10555
1056
1058
10580
10585
106
106.15
106.25
106.7
1060
10600
10610
10620
1063.5
1065
10650
10660
1067
107
107.5
107.69
1070
10700
1072.5
1075
1077
10776.22
1078.4
10786
107908
108
108.3333
108.75
1080
10800
1084.42
1085
10870
10873.35
10875
10880
1088004
10890
109.25
109.3130337361805
1090
10900
1092
1094.74
10945
1095
10950
1096.06
10979
1098.46
10990
10995
11
11.25
11.35
11.5
11.75
11.85
110
110.5
1100
11000
1101.14
1102.5
1103.35
1104
11040
1105
111
111.54
111.666
111.8926846563915
111.9
1110
11100
1111.5
1115
112
112.1019780941834
112.18
112.5
112.8
1120
112140
11222
1125
11250
1126
11280
1129.5
113
113.6
1130
11300.58
1131.45
11319
1134
11345
1135
1137
11380
114
1140
11400
11420
1144
1145
11450
1147
1148.85
115
115.16
1150
1150.05
11500
11510
1155
116
116.645
1160
11600
1161
1162
1162.6
1163
1164
1165
117
117.2055166290134
117.25
117.5
1170
1170.43
1171.5
1172.5
1175
1179
118
118.25
118.46
118.75
1180
11800
11828
1185
1188
119
119.5
119.7
119.99
119.991
1190
11900
11938.2
1195
1195.46
12
12.15
12.25
12.5
12.75
12.76
12.85
12.9
120
1200
12000
1205
12075
12085
1209
121
121.25
121.5
1210
12100
12108
12117
1212.9
12120
12135
12140
1215
12150
1216
12165
122
122.5
1220
12232
1225
12250
1227
12285
123
123.1875
123.5
123.704
123.75
1230
1230.72
12300
1232
1235
12350
1238
124
124.029
124.03
124.2
124.5
124.96
1240
12400
12445
1245
12450
12460
12470
12480
12487
125
125.02
1250
12500
1251.25
12525
12540
1255
12565
1258
126
126.25
126.5
126.9
1260
1261.5
1262
1263.22
1265
1266
12662
1267.5
1268
127
127.35
127.5
127.65
127.75
1270
12700
1272
1275
1276
12784.29
1279
128
128.5
1280
12800
1285
12850
1288.94
128950
129.54
129.5414
1290
12900
12916
1292.54
1293
1295
12968.38
1297
1297.7
12975
13
13.05
13.2
13.25
13.5
13.65
13.75
130
130.625
130.95
1300
13000
13006.5
1302
1305
1308
1308.02
131
131.14
131.5
131.6
1310
13100
1313
1314
1315
132
132.5
1320
13200
13240
1325
13250
1328
133
133.05
133.75
1330
13300
13320
1335
13363
1337
1338
134
1340
1340.4
13400
1345
134651
1347
13485
13490
135
135.46
135.75
1350
1350.76
13500
1353.1
1353.15
1355
13550
1358
136.5
136.98
1360
13600
13605
1365
13650
1366.22
13685
1369.22
137
137.13
137.25
137.5
137.81
1370
13700
1375
13750
1377
138
138.5
138.7406089932829
1380
13800
1381.15
1385
1386.2
1387
13885
139
139.75
1390
13931
1395
1395.5
14
14.25
14.5
14.58
14.7
14.75
140
140.65
1400
14000
1405
1406
1407.5
14080
141
141.9
1410
14100
1415
1415.5
1416
1417
1417.5
142.08
142.5
142.88
1420
1422.4
14220
1425
14250
1428
14282
143
143.07
143.5
1430
14300
1431.87
14313
1432
1435
1438
1439.7
14390
144
1440
14400
1441
1445
14485
145
145.5
1450
14500
14503.51
14520
1455
1456
14575
14580
1459.44
146
146.25
1460
14600
1461.67
1462.5
1466.5
147
147.5
1470
1470.75
14730
14746.8
1475
14750
1476
14790
148
148.2
148.5
1480
14800
1485
14850
1486
1488
149
149.76
1490
1492.25
1495
1498
1499
15
15.1
15.5
15.625
15.75
15.78
15.86
15.95
15.98
150
150.03
150.3
1500
1500.64
15000
1505
1508
151.25
1510
1511.25
1512.08
1512.5
1515
15185
152
152.5
152.967998999849
1520
15200
1522.35
15220
1523.25
1525
15250
1527
153
153.75
153.85
1530
1531
1535
1537.5
1538
1539
1539.39
15390
154
1540
1540.37
15400
1541
15422
15429
1545
1546
15468
15480
155
155.4
1550
15500
1552
1553.74
15545.97
1555
15575
156
156.1
156.25
156.5575
156.75
156.98
1560
15600
1565
15680
1569.24
1569.6
1569.9
157
157.5
157.75
1570
15700
1575
15750
1578
158
158.08
158.5
158.75
1580
1580.15
15800
1581.25
15820
15845
1585
159.46
159.5
1590
1595
15950
15953.14
16
16.2
16.25
16.5
16.6
16.66667
16.6667
16.67
16.685
16.69
160
160.2
160.4
1600
16000
1602.69
16038
1605
1608
160866
161.2
161.6
161.97
1610
16100
16135
1614
162
162.39
162.5
1620
1622.5
1625
16265
163
163.5
163.8
1630
1631.28
1635
16350.84
1638
164
164.5
1640
1644
1645
16450
16453
165
165.5
1650
16500
1652
16525
1653.75
1655
1656
16585
1659.6
166
166.25
166.5
166.666
166.6666
1660
16600
1662.5
1663
1664
1665
16680
167
167.2
167.5
1670
16700
1675
16755
168
168.24
168.75
1680
1683.5
1685
16850
1686
169
169.58
1690
1692
16929.39
16930
1694
1695
1698
169956
17
17.1
17.15
17.35
17.5
17.55
17.75
17.9
17.907
170
170.6
1700
17000
1702.8
1705
17069.5
171
171.2
1710
17100
17135
1715
1716
1718
1718.75
172
172.3
172.5
172.9
1720
1723.8
17230
1725
1728
173
1730
17300
1735
17365
1737.5
1739
174
174.25
1740
1745
1746
17465
1747
1748
17480
175
175.5
1750
17500
1757
17585
176
176.25
1760
1761
1763
1765
1769
177
177.5
177.65
1770
17700
1775
1776
17787
178
178.5
178.75
178.78
178.82
1780
17800
1785
1787
1789
179
179.1273611717354
179.5
1790
17921
17938
1794
1795
17964
179700
1798
18
18.333
18.35
18.5
18.55
18.75
18.85
180
180.4
180.5
1800
18000
18035
1805
1806
18068
181
1810
1815
1816
182
182.5
1820
18200
18212
1823.6
1825
18250
18280
1829
183
183.333
1830
18300
1831.74
18341
1835
18379
1838
184
184.2
184.5
1840
18400
1844.92
1845
18450
1847.23
185
185.5
185.9
1850
18500
1851
1855
1856.25
186
1860
18600
1865
1866
1869
187
187.25
187.5
1870
1871
1875
1876
188
188.5
1880
18800
1885
18867
18875
1888
18880
189
189.25
1890
18908
1891
18910
1892
1893
1894.5
1895
1896
19
19.05
19.25
19.5
19.8
19.9
190
190.19
190.5311918489048
190.59
1900
19000
1906
191
191.47
191.5
19110
1912
1915
1916.8
192
192.3
192.5
1920
19204.5
19213
1925
19250
1926
1926.22
1927.75
19278.75
193
193.5
1930
19300
1932.05
1935
1937.65
194
194.5
1940
1940.1
19400
19410
1942.5
1943.5
1944.9
1945.05
1947.5
1948.5
195
195.5
1950
1950.48
19500
19550
1956.97
1957
196
196.5
196.99
19600
1963.05
1965.5
1966
1968
197
197.4
197.5
1970
19700
1972.75
1975
19750
1976
1976.14
19760
1977
1978.15
198
198.75
1980
19800
198140
1982
1985
1986.23
19887
1989
199.5
1990
1995
1996
1998
2
2.1
2.15
2.2
2.25
2.3
2.35
2.75
2.85
20
20.1
20.25
20.42
20.5
20.625
20.7
200
2000
20000
20069
2008
20082.7
2009.93
2010
20100
2012.52
2016
2018.46
20180
202
202.25
202.5
2020
2020.78
2021.33
2022
2025
2029
203
203.14
203.75
2030
2030.1
2032
2035
2037
20370
204.5
2040
20400
2041
2042.5
2045
20462
2047.5
205
205.75
2050
20500
2054
2057.5
2058
206
206.8
2060
2065
207
207.5
207.51
2070
2075
208
2080
20841
2085
20850
20879
2088
209
209263
2094
2095
2095.2
2096
21
21.15
21.2
21.5
21.62
21.75
210
210.5
210.83
2100
21000
2104
2105
21050
211
211.15
211.5
2113
2115
212
212.25
212.5
2120
2124
2125
213
213.75
2130
2131.22
2135
21375
2138.5
2139
214.5
2140
2145
2147
2148.69
215
215.5
2150
21500
21567.28
2158
216
216.2
2160
2162
2165
217
217.5
21700
21721
2175
218
218.46
218.5
2180
21800
21819
2185
2188
219
219.25
219.5
2190
2190.27
2195
2195.06
2196
22
22.06
22.09
22.5
220
2200
22000
2205
2209
221
2210
22113
2212
2215
222
222.4
222.5
2220
22200
2225
2225.15
223.25
223.5
2230
2232
22360
22380
224.15
224.25
224.61
224.95
2240
2242.5
2245
2245.2
2246.1
225
2250
22500
2256
226.25
2260
2265
22650
2266.22
22680
227.2
227.25
227.5
2275
2276
228
2280
2286
2287.8
2291.52
2294
2295
22950
22970
23
23.08
23.1
23.25
23.5
230
230.5
2300
23000
2309
231
231.2
2310
2315
23164
2317.7
232
232.5
2320
23245
2325
233
233.3
233.5
233.73
233.75
233.8
2330
2335
2338
234
234.44
234.5621103564952
2340
2340.9
2342
2343
2345
235
235.45
235.59
2350
23500
2355
236
236.25
236.43
236.92
2360
23600
2362
2365
23650
237.5
237.6
237.9
2375
2375.38
2377.04
238
238.5
2380
23800
23840
2385
23850
23858
239.7
2390
2395
23988.45
2399.92
24
24.5
24.62
24.95
240
240.55
2400
24000
240128.46
2405
241.5
2410
2415
2415.4
24175
242
242.5
242.916
2420
24200
2425
24250
2426.98
2427.6
24287.5
243
243.75
24300
2435
2437
244
2440
24400
2445
2446.14
245
2450
24500
24540
2456
24595
246
246.2
246.44
246.5
246.5781667276629
2460
247
247.5
247.75
2470
24725
24746
2475
247800
248
2480
24800
24824
24850
249
249.1
2490
2495
25
25.2
25.5
25.8
250
250.5
2500
25000
2503.61
2507.4
251
251.75
2510
252
252.75
2520
2523.65
2525
2525.5
25255
253
2535
2538.48
25394.6
254
254.5
2540
2542.08
25480
255
255.72
2550
25500
25525
256
256.25
2565
25650
2569
257.05
257.25
257.3
25700
2575
258.5
2580
25806.9
2581.75
2583.75
2585
25876
259
2590
26
26.25
26.6667
260
260.25
2600
26000
261.25
2615
26160
262
262.5
2620
26205
2625
2628
263
2630
2635
2637
2640
2645
26450
265
265.32
265.35
2650
26500
26505
2654.85
2655
266
266.5
266.75
2660
2665
26650
267
267.25
267.5
2670
2675
2677
268
2680
2682.44
269
269.375
26900
26920
2693.96
2694
2695
27
27.5
27.69
27.7
27.75
27.88
27.9
270
270.58
270.59
2700
27000
2705
2714
272
272.34
272.5
2721.5
2722.55
2725
27250
2727
2730
2734.95
2735
274.75
2740
2745
2748
2748.56
275
2750
27500
275391
27560
276
276.5
2760
2765
277
277.5
277.64
2774
2776
2780
27800
27809.9
2781.1
2785
27850
2788
279.5
2792
2794.73
28
28.2
28.4
28.5
28.52
28.6
28.75
28.8
28.88889
28.9
280
280.42
280.5
280.88
2800
28000
28030
281.3
2815.98
2817.5
28175
282
2820
28200
2825
2827.5
283.333
283.5
283.75
2830
2830.14
28300
2835
28350
2837.52
2841
2845
28451
285
2850
28500
2855
286.25
286.4
286.5
286.92
28600
286900
287
287.5
2870
28700
2875
28750
2879.19
288
288.75
2880
2884.25
2885
2889.24
289
289.24
289.295
289.58
2890
2892.5
28940
28950
29
29.02667
29.35
29.5
29.75
290
2900
29000
2910
29100
2912.42
29197
292.32
292.5
2920
2924.57
2925
293
2930
29325
2935
2939.91
2944
2946.14
2948.6
29495
295
295.68
2950
2958
296
296.1
2960
2964
2965
297.5
2970
2974
2975
29750
298
2980
2985
2990
2995
29950
2996
29985
3
3.1
3.15
3.25
3.5
3.61905
3.85
3.95
30
30.06
30.08
30.5
30.77
300
300.75
3000
30000
301.25
301.5
301.56
30100
3019
302
302.5
3020
3025
3026
303
303.5
3030
30325
30370
304
304.5
304.62
3040
3045
305
3050
3059.6
306
306.31
306.85
306.9
3060
3065
3070
30700
3075
30750
308
308.1
308.25
308.5
308.75
3080
3081
309
309.5
309.7
3090
31
31.02
31.45
31.5
310
310.2
3100
31000
31040
3105.37
3105.38
311.75
312
312.36
312.5
3120
31200
31204.25
3130
3132
3134
3136
314.17
3140
31480
315
315.5
3150
316
316.25
3160
3165
31664
317
317.5
3170
3173
3175
3180
3185
31850
31865
319
31971
3198.34
32
32.14
32.5
32.85
320
3200
32000
3205
321
32100
3215
32160
32180
32190
322
322.5
3220
3222
3225
32250
3228
3230.5
3232.44
3235
324
32403
3246
32480
325
325.87
3250
32500
3255
326
326.7840003296267
3260
3270
3274
3275
328
328.99
3280
3281
32820
329
329.73
3292.75
32950
33
33.3
33.33
33.3333
33.5
33.6
33.63
330
3300
3300.83
331.6
33104.25
33190
3320
33223
3325
33250
333
333.18
333.9791671300418
33350
334
334.25
3342.7
3342.82
3346
335
3350
33500
3352.69
3356.5
336
336.5
336.769381961902
3360
3365
337.5
3375
338
3380
3385
339.75
3390
34
34.2
34.3
34.375
34.5
34.75
34.78
340
3400
34000
341.54
3410
342
342.5
3420
3424.88
3425
344.05
344.64
3440
34400
3441
3445
345
345.5
3450
34500
3456.1
3457
346
3460
34600
3461.5
347
347.5
347.59
347.65
3470
3475
348
3480
34838
3485
34890
35
35.58
35.75
35.77
35.8
35.84
35.98
350
3500
35000
35013
3507.25
351
3510
3515
352
352.5
3520
3522
3525
353
353.84
3537.05
3537.5
354
3548.61
355
3550
3555
356
356.1233156602791
3560
357
357.4
357.5
3570
358
3580
35800
3584
3585
3590.63
3593
3595
36
36.32
36.5
36.8
36.86
360
3600
36000
3603.58
3607.5
361.54
3610
3616
3617.44
3620
36245
3625
363.75
3630
3633
3634
3635
3636.06
364
364.02
364.5
364.75
3640
36450
365
3650
36500
36550
366
366.4
366.6
3660
3663
3664
36646.6
36650
367
367.5
3675
3680
3681
36867
3690
3693.369999999999
3695
37
37.155
37.5
37.6
37.78
37.8
370
3700
3703.52
3707.7
372
372.5
3725
373
373.75
37305
3735
3740
37490.5
375
375.4325269457632
375.83
3750
376
376.2
376.3
376.5
376.7280149899431
3760
3765
377.1
377.5
378
378.02
3780
379
3790
3790.8
38
38.25
38.3
38.46
38.5
38.64
38.65
380
3800
38000
381
3810
382
382.5
3825
384.6
3844.9
3845
38470.2
385
3850
3853.45
3855
386
386.66
3870
3874
3875
388
388.5
388.75
3880
3881
3885
389
3890
3892
39
39.15
39.4
39.48
39.5
390
390.48
390.5
390.75
3900
3905
391.88
3910
3912
3915
39190
392.25
392.6189462384879
3920
3925.5
3928
393
393.1467456613478
393.66
393.84
3930
39350
394.2
39400
3945
3948
395
3950
396.6898149536839
3960
3961.06
3965
397
397.5
3970
3973
3975
398
398.75
398.93
3980
39800
3985
399
399.13
399.5
4
4.23728
4.35
4.4117
4.5
4.55
4.85
4.92
40
40.42
40.5
40.96
400
400.5
4000
40000
4001.23
4009.49
401.5
402
402.32
4020
4025
403.125
403.75
4030
40300
4032
4032.5
4035
4040
405
4050
4059.66
4060
40620
407
4070
408
408.9
4080
4087.998
409.3
409.5
41
41.25
41.5
41.66
41.6667
410
4100
4110.5
41140
412.25
412.5
4120
4122
4124
4125
413.5
413.75
414
414.75
4140
415
415.4112729912205
4150
4151.4
4155
416.5
4160
417
417.48
417.5
4175
4179
418
418.5
4180
41800
41845
4185
419
419.18
419.57
4190
41950
41980
42
42.25
42.45
42.5
42.8
42.85714
42.9
420
4200
42000
422
422.5
4220
4225
423
424
425
4250
42500
4258
426
4268
427
427.5
4275
428
428.17
428.27
4280
42800
4285
4288
4290
43
43.2
43.25
43.4
43.5
43.6
43.65
43.7
43.75
430
4300
43000
431
431.65
43150
432
432.5
4325
433
433.5
43350
43353
434
4340
435
435.0115384615385
4350
436
436.82
436.92
4365
4369.37
437
437.1
4370
4375
438
4380
4385
439.682972501448
439.73
44
44.1
44.5
440
4400
442.5
4428
4439
445
445.5
4450
44500
4454.37
4457
446.5
44600
447.365
447.62
4470
44730
448
448.75
4481.05
4490
45
45.05
45.5
45.68
45.83
450
4500
45000
451.05
451.25
452
452.4
452.5
453
453.5
453.75
454
455
4550
45500
4555
456
4575
458
4580
45800
459
46
46.06
46.25
46.5
46.66
46.75
46.8
460
460.3499999999999
4600
461.52
462.5
4620
4625
4630
464
4646.25
465
465.6
465.76
4650
46580
466
4664
467
467.5
4675
468.5
4680
46800
469.7
4692
47
47.3
47.5
47.7
470
470.05
4700
47000
47045
471
471.25
471.42
472
472.2093210947
472.5
4720
473.52
474.1750964224317
4740
4743.45
475
4750
47500
4753
476.92
4766
477.5
47716
4775.71
478.73
4780
4795
48
48.25
48.5
48.6
48.75
48.88
480
480.13
4800
4801
4818
4819.5
482.5
4820
48200
4822
4827
483.6
4830
4835
4837.35
484
4840
485
4850
486
486.25
486.5
487.4
487.5
4870
48720
48780
488
488.23
488.25
4880
4885
4890
4895
49
49.23
49.25
49.5
49.63
49.65
49.8
490
4900
49007
4912
492
492.86
493
4935
494
494.7
495
495.25
4950
49500
4960
497.25
497.76
4970
4975
498.47
498.5
498.75
498.89
4980
499
499.5
4990
49900
5
5.12
5.25
5.38
5.45
5.5
5.52
5.65
5.75
5.8
5.85
5.9
5.95
50
50.3
50.75
50.76
50.77
50.85
50.88
500
500.9678
5000
50000
5005
501
501.25
501.8
5010
5020
503
503.1
503.2
5040
5048
505
505.31
5050
50500
506
507.7
508
508.5
508.75
5080
5084.5
5085
5092
51
51.25
51.3636
51.41
51.42857
51.5
51.53
51.7
51.975
510
510.76
5100
5105
512.5
5120
51200
513
513.333
513.7
51300
514.12
514.8
5145
5148
515
515.86
5150
5157
516.25
5160
517
517.5
5175
518
519.75
52
52.2
52.25
52.5
520
5200
52000
521.1
521.3
5219
522.5
5220
5225
523.05
5240
525
5250
5253
5255
526
526.5
52700
52784
528
5280.6667
5286
53
53.1
53.2
53.25
53.85
530
530.08
530.78
5300
5302
5305
531
531.1
531.7
532
532.81
5320
5326
5349.18
535
5350
53525
536
5362.5
537
537.14
5375
5386.5
539
54
54.5
540
540.5
540.75
5400
542
5424.62
543
543.2
54320
5435
5438
544
5448
545
5450
54544
5455
5456.22
546
546.25
5460
5469.44
547
547.5
5480
549.28
549.5
5490
55
55.2
55.55
55.8
550
5500
55000
5505
552
5522
5525
553
553.9
5540
555
555.75
5550
556
55640
5565
557
5570
55750
558
5585
559
56
56.1
56.2
56.4
56.5
56.7
560
5600
562.5
5625.62
5628
563
5630
5637
56460
565
5650
566
5660
5664
5665
567.5
56875
57
57.08333
57.25
57.5
57.6
57.75
570
5700
571
572
572.3
572.5
5730
5731
574
574.17
5740
575
576
5760
577.15
5775
578
57950
58
58.5
580
5800
58000
582
582.5
5820
5825
5826
5830
5840
585
5850
5868
587
5870.5
588
5890
59
59.22
59.5
59.69
59.8
59.9
590
590.72
590.76
5900
59088
591
591.42
5915
5926.22
593.4
593.75
5930
594
59450
595
5950
5958
597.2
598.33
598.45
598.66
5980
59850
6
6.1
6.125
6.15
6.2
6.25
6.28
6.4
6.45
6.5
6.6
6.7
6.75
6.8
6.9
60
60.45
600
6000
601.5
6013
602
602.35
603
603.5
603.68
6045
605
606
607.5
6070
60870.74
6097
61
61.1
61.2
61.25
61.5
61.54
61.76
61.85
610
6100
61000
611
611.04
6114
612
6120
613
6130
6132
6134
614.17
6144.5
6145
615
615.5
616
616.25
6160
617
6170
618
618.33
618.52
618.75
6189.9
619
619.8
6195
6196
62
62.08
62.33
62.4
62.5
62.7
62.86
620
620.8
6200
62000
621
622
622.5
6220
623
6232.45
625
625.5
625.65
6250
626
626.5
627
6270
62700
6280
629.5
63
63.05
63.08
63.25
63.75
63.92
630
6300
6305
63220
6325
63260
633
6337
634.5
635
6350
6360
63625
6375
6380
639.95
6390
64
64.35
64.5
64.69
64.75
640
6400
64000
641
641.45
6429
644
6440
645
6450
64500
64550
6475
648
649
65
65.04
65.52
65.7
650
6500
651
652.5
6525
654
655
655.5
656
656.25
657
657.5
658
6580
659
6595
66
66.25
660
660.03
6600
66000
661.5
662.5
6620
6625
664
664.45
665
6650
6655
666
667
6670
6675
668
67
67.23
67.5
67.69
670
6700
6700.49
67000
671
671.65
672.1
673.75
67318
674
674.33
6740
675
6750
6762.44
677
677.04
677.5
678
6780
6795
68
68.25
68.5
68.6
68.62
68.68
68.75
68.84
680
6800
682.5
68200.7
6825
684
684.43
6844.6
685
685.54
6850
68590
687
687.5
687.75
688
6885
689.75
69
69.25
69.3
69.36
69.5
690
6900
69000
6904
692
692.28
693.5
6930
6945
695
6950
69500
6967
697
697.5
698
6985
7
7.2
7.2222
7.25
7.35
7.5
7.57
7.6
7.75
7.8
7.85
70
70.05
70.15
70.48171997757474
70.5
700
7000
702
705
705.75
7050
708
7080
7094.47
71
71.25
71.3
71.35
71.5
710
7100
712.5
7126
713
715
7150
717
7170
718
718.75
71840
719.1
72
72.02
72.25
72.5
72.75
72.8
72.9
720
7200
72000
721
7210
7212.86
722
723.85
7234
724
7245
725
7250
72500
726
726.83
72600
7265
727
727.9116
7275
728
7280
729.38
73
73.2
73.33
73.5
73.69
73.75
73.85
730
7300
731.25
7312
732
732.25
7325
734
7345.26
735
735.25
7350
73600
73619
7365
737.5
7370
7371
7373.4
7373.400000000001
738
7380
739.34
7395
74
74.5
74.7
740
7400
74000
742
742.5
7425
7443
745
745.5
746
7465
747.95
7475
748
75
75.5
75.66
75.75
750
7500
7505
7512
753
754.72
755
7550
7555
756.82
7560
757.455
757.46
759
76
76.25
76.5
76.91
760
760.87
7600
761.6
76183.8
762
762.5
763
765
7650
7656.8
766.3
7668.7
767
767.67
7675
768
7680
769
769.2
77
77.25
77.5
77.6
770
7700
771
7720
774.35
7749.52
775
7750
7765.25
777
778
778.5
7785
779
7790
78
78.5
78.7
780
7800
781
783
78445
785
7850
786
786.2
786.6600000000001
787.5
788
7885
79
79.2
79.30000000000001
79.5
79.9
790
790.5
7900
7910
792.5
7922
794
795
7950
7953
796
7975
798
798.42
798.5
8
8.05
8.15
8.25
8.35
8.45
8.5
80
80.499255394203
80.5
800
8000
8012
8030
80366
804
805
8050
8055
8063.49
807.5
8075
809
81
81.25
81.5
810
8100
81000
8105
811
813.75
8130
814
814.3
8144.4
815
816
816.6667
819
82
82.45
82.5
82.72
820
8200
821.2
822
8220
8245
825
8250
827.28
8277.439999999999
8285
829
83
83.25
83.3333
83.3334
83.5
83.87
830
8300
831
831.5
832.5
833
834
835
835.87
8350
836
836.66666
837.5
8370
838.5
838.75
84
84.3
84.47
84.5
84.62
84.74
840
8400
8408.75
842
844
844.44
845
846.1500000000001
847.365
847.5
847.92
848.45
848.75
8480
8486
8490
85
85.58
85.8
850
8500
85000
8510
852.5
8530
8535
854
855
855.47
855.5
8550
856
8575
858.45
859
86
86.25
86.5
86.53
86.6
86.87
860
8600
8603.25
86044
8620
8625
863
8635
865
865.3
866.66666
866.82
867.93
8675
869.5
87
87.25
87.5
870
8700
87034
873
873.27
8748
875
8750
87500
8790
88
88.5
88.75
880
8800
8810
8835
885
8850
886
886.5
8862
887
887.25
8870
888
8880
89
89.5
89.54
890
8900
891.07
8920
8925
894
895
8950
897
897.5
8970
89786.68
898.75
9
9.1666
9.25
9.375
9.4
9.5
9.65
9.75
90
90.25
90.8
900
900.4
9000
90000
9010
902
905
906.25
906.67
907
908.25
9085
91
91.23
91.5
910
910.76
9100
9120
9126.25
913.25
9134
915
9150
916.8900000000001
9160
9165
917.81
918
9185
92
92.17
92.31
92.35
92.5
92.89
920
9200
921.5
9210
922
922.5
9220
923
923.04
923.53
9235
924
924.92
925
925.5
92500
927.5
9285
929.77
9290.75
93
93.5
93.68
93.75
930
9300
931
9325
93300
935
9350
936
9360
9365
937.5
9375
938
939
94
94.05
94.5
940
9400
9420
943.75
9430
944
945
945.75
9460
947.69
949.6
95
95.5
95.55
950
950.4
9500
9504
953
953.1
953.37
9535
955
955.45
9555
9575
958.8199999999999
9580
96
96.25
96.4
96.5
960
9600
962.5
9625
964.85
9645
965
9650
966.45
9665
967.5
9680
97
97.25
97.5
97.75
970
970.7
9700
973.75
9730
975
9760
97698.4
978
978.33333
9780
98
98.5
98.75
98.9
980
9800
982.5
9825
9830
984.82
985
9850
986
986.33
9860
9861
987.5
9875
988
9890
99
99.25
99.75
990
9900
993.65
994.75
9945
995
996.3
997.08
998
9980
9984
999
CLOSE
CLOSED
COST COVERED BY PO # LISTED
END BASE 225.00/UPPER 250.00
NEED QUOTED
NO CHARGE
NO CHARGE 
NO CHARGE ITEM
NO CHARGE ITEM 
PART OF SO #16846 COST
REPLACEMENT
T&M
VOID