0.0
1.0
1.5
10
10.0
100.0
1000.0
101
1010.0
102.0
106.0
108.0
109.0
11.0
110.0
1102.0
112.0
116.0
1178.0
118.0
12.0
120.0
125.0
126.0
13.0
138.0
14.0
140.0
144.0
15
15.0
150.0
152.0
153.0
16
16.0
160.0
162.0
168.0
17.0
1766.0
18.0
185.0
1850.0
19.0
190.0
191.0
2.0
20.0
200.0
21
21.0
22.0
220.0
223.0
225.0
23.0
237.0
24
24.0
25
25.0
250.0
2528.0
256.0
26.0
260.0
263.0
27
27.0
27000.0
275.0
28
28.0
288.0
29.0
3.0
30.0
300.0
3000.0
31.0
310.0
312.0
32.0
326.0
33.0
337.0
34.0
340.0
35.0
36.0
360.0
3650.0
37.0
38
38.0
39.0
4
4.0
40.0
400.0
402.0
42.0
43.0
44.0
45.0
46.0
47.0
48.0
49.0
5.0
50.0
500.0
5000.0
51.0
5100.0
52
52.0
53.0
55
55.0
550.0
556.0
56.0
562.0
57.0
58.0
59.0
6
6.0
60.0
600.0
62.0
64.0
65.0
66
67.0
68
68.0
7.0
70.0
71
72.0
725.0
73
73.0
74
74.0
75.0
76
76.0
77.0
78.0
8.0
80.0
800.0
81
82.0
83.0
84.0
85.0
87.0
9.0
90.0
900.0
92
94
95.0
96.0
97.0
98