-2400
-2820
-375
-950
0
10
100
100.2
100.25
100.5
100.6
100.8
1000
10000
1001
1002
10020
1003.6
10040
1005
1006.44
1007
10072
1008
10098
101.25
101.52
1010
1010.62
10101
1012
1012.5
101220
1013.25
1014
1015
1017
1018.5
102
102.4
102.5
102.9
1020
1020.6
10200
1021.2
1021.25
10210
1022
10225
1023
1023.75
1024
1025
1026
10260
10275
1029
103
103.5
1030
1031.45
1031.67
1032
10320
10325
1033
1034
1035
10350
1036
10365
10375
1038.7
10386
1039
1039.5
104
104.35
104.4
1040
1040.5
10400
1042.5
10425
1044
1044.6
1045
1047
1047.6
1048
105
1050
10500
1052.28
10525
10528
1053
10535
1054
1055
1055.75
10555
1056
1057.225799663621
1057.5
1058
10580
10585
106
106.15
106.2
1060
10600
1061.4
10610
10620
1063.5
1064
1065
10650
10660
1067
1068
107
107.4
107.5
107.6
1070
1074
1074.28
1074.764167030412
1075
1076.88
1076.9
1077
10776.22
1078.4
10786
107908
108
1080
10800
1084.42
1085
1085.95
1086
1087.5
10870
10873.35
10875
1088
10880
1088004
10890
109
109.2
1090
10900
1092
1093.130337361805
1094
1094.74
10945
1095
1095.62
10950
1096.06
10979
1098.46
10990
10995
11.5
110
110.76
1100
11000
1101.14
1101.44
11016
1102
1102.48
1102.5
1103
1104
11040
1105
11060
1107.6
1107.72
1107.77
111
111.54
111.6
111.65
1110
1110.56
11100
1111.5
1112
1114
1115
1116
11175
1118
112
112.5
1120
11200
112140
11222
1125
11250
1126
1128
1128.6
1129.5
113
113.6
1130
11300.58
1131.45
11319
1132
1134
11345
1135
1136
1137
1137.6
11380
114
1140
11400
1142
11420
1143
1144
114400
1145
11450
1147
1148.82
1148.85
115
115.16
115.2
115.38
115.4
1150
1150.05
11500
11510
1152
1155
1158.08
116
1160
11600
1161
1162.5
1162.6
1164.42
1165
1166.4
1168
117
117.5
1170
1170.43
11700
1171.5
1172.2
1172.5
11736
11741
1175
1176
1178
1179
118
118.25
118.75
1180
11800
1181.52
11828
1184.4
1184.6
1185
11850
1188
119
1190
11900
1191
11938.2
1195
1195.46
1197
1197.32
12
12.5
12.6
120
1200
12000
1204
1204.7
1205
12075
12085
1209
121.5
1210
12100
12108
12117
1212.5
1212.9
12120
12135
1214.58
12140
1215
12150
12165
122
122.2
122.5
1220
1222
12232
1224
1225
12250
1227
12285
123
123.2
123.5
123.704
123.75
1230
1230.72
12300
1232
1234
1235
12350
1239.6
124
124.2
124.5
124.8
1240
12400
1241
1241.6
1242
1244
12445
1245
12450
12460
1247.5
1248
1248.75
12480
12487
125
125.02
1250
12500
1251.25
12525
1253
1254
12540
1255
12565
1257
1258
126
126.25
126.5
1260
1261.5
1262
1263.22
1266
12662
1267.5
1269
1269.3
127.35
127.5
127.6
127.84
1270
12700
1272
1275
1276
12775
12780
12784.29
1279
128
1280
12800
1285
12850
1288
1288.94
128950
129
129.5
129.6
1290
12900
129000
12916
1292.28
1292.5
1292.54
1293
1295
12950
1296
12968.38
1297
1297.7
12975
1298
13.75
130
1300
1300.5
13000
13006.5
1302
13041.61724536859
1305
1308
1308.02
1309
1309.5
131
131.14
131.25
1310
13100
1313
1314
1315
1316
13190
132
132.5
1320
13200
1323.52
13240
1325
13250
1328
133
133.05
1330
13300
1332
13320
13344
1335
13350
1336
13363
1337
1338
134
1340
1340.4
13400
1342
1344
1345
134651
1347
13485
13490
135
135.38
135.46
1350
1350.76
13500
1352
1353.1
1355
13550
13560
1358
136
136.5
136.98
1360
13600
13605
1362
1364
1365
13650
1366.22
1368
13680
13685
1369.22
137.25
137.5
1370
13700
1372
1374
1375
13750
1376
1376.8
1377
13770
1378
138
138.45
138.5
138.6
1380
13800
1381.15
1384
1385
1386
1386.2
1387
1387.5
13885
139
139.5
1390
1392
13931
1395
1395.5
14.25
140
1400
14000
1404
1405
1406
1406.24
1407.5
1408
14080
141
141.9
1410
14100
1415
1415.5
1416
1417
1417.5
142
142.08
142.5
1420
1422.4
14220
1425
14250
1426
1428
14282
143
143.07
143.2
1430
14300
1431.87
14313
1432
1435
1437.5
1438
1439.7
14390
144
144.04
1440
1440.45
14400
1441
1444
1445
14485
145
145.5
145.8
1450
14500
14503.51
14520
1455
1456
14575
1458
14580
1459.44
146
146.25
146.64
1460
14600
1461.67
1462.5
14625
1464
1466.5
14688
147
147.5
147.69
147.7
1470
1470.75
14700
14730
14746.8
1475
14750
1476
1476.9
14760
1478.58
14790
148
148.5
148.75
1480
1480.5
14800
1484
1485
14850
1486
1488
1488.36
149
149.5
149.76
1490
1492
1492.25
14930
1494
1495
1496
1498
1499
15
150
150.4
1500
1500.64
15000
1504
1505
1506
1508
151
151.2
151.25
1510
1511.25
1512
1512.5
15131.7
1515
15185
152
152.0001
152.31
152.5
1520
15200
1522.35
15220
1523.25
1524
1525
15250
1527
153
153.2
153.75
153.84
153.85
1530
1535
1536
1537.5
1538
1539
1539.39
1539.999
15390
154
154.05
154.5
1540
1540.37
15400
1541
1542
15422
15429
1544
15449.76789898475
1545
1546
15468
1547.58
1548
15480
155
155.2
1550
15500
1552
1554
15545.97
1555
1556
15568
1557
15575
1558
1559.25
156
156.6
156.75
1560
15600
15606
1564.25
1565
1566
1568
15680
1569.24
1569.6
1569.9
157
157.5
1570
15700
1575
1575.36
15750
1578
15785.62837366638
158
1580
1580.15
15800
1581.25
15820
1584
15842.0001
15845
1585
159
159.46
159.5
159.75
1590
1595
15950
15953.14
1598
16
16.5
160
160.2
160.4
1600
16000
1602
1602.69
16038
1605
1605.5
1606
1608
160866
161
161.2
161.25
161.5
161.6
161.97
1610
16100
1612
1614
16150
162
162.5
1620
16200
1622.5
1624
1625
16265
1628
163
163.5
163.8
1630
1631.25
1631.28
1632
1635
16350.84
1638
164
164.5
1640
16400
1641
1644
1644.95
1645
16450
16453
1646.4
165
165.15
165.6
1650
16500
1652
1652.16
16525
1653.75
1655
1655.01
1656
16585
1659.6
166
166.14
166.2
166.25
166.5
166.65
166.85
166.9
1660
16600
1662.5
1663
1664
1665
1666
1667.25
16680
167.5
1670
16700
1671
1672
1674
1675
16755
1677
168
168.24
168.6
168.75
1680
16800
16825
1683.5
1685
16850
1686
1687.5
1689.4
169
169.24
169.58
1690
1692
1692.4
16929.39
16930
1694
1694.73
1694.8
1695
1698
16992
169956
17.55
170
170.6
170.95
1700
17000
1702
1702.8
1704
1705
17069.5
1708
171
171.16
171.2
171.6
1710
17100
17135
1715
1716
1716.9
1718
1718.75
172
172.3
172.5
172.8
1720
1723.8
17230
1725
1726
1728
173
173.5
1730
17300
1735
1736
1737.5
1739
174
174.2
174.25
174.96
1740
174068
1744
1745
1746
17465
1747
1748
17480
175
175.5
1750
17500
1752
17528.86965009924
1755
1757
17585
176
176.4
1760
1761
1762.5
1763
1764
1765
1769
177
177.5
1770
17700
1772.28
1775
1776
17787
178
178.5
178.75
178.78
178.85
1780
17800
1781.25
1785
1787
1788
1789
179
179.4
179.5
1790
1792
17921
1794
17943.9542015986
1795
17964
179700
1798
18.5
18.75
180
180.4
180.5
1800
18000
18020
18035
1805
1806
18068
181
1810
1814
1815
1816
1818
1818.03
182
182.5
182.72
1820
18200
18212
1825
18250
18280
1829
183
1830
18300
1831.74
18341
1835
1836
18360
18379
1838
184
184.5
184.62
1840
18400
1842
1843
1844
1844.92
1845
18450
1847.23
185
185.9
1850
18500
1851
1855
1856
1856.25
186
1860
18600
1861.2
1862
1863
1865
1866
1869
187
187.2
187.5
1870
1871
1872
1874
1874.16
1874.4
1875
1876
188
188.5
1880
18800
1884
1885
18860
18875
1888
18880
189
1890
18908
1891
1891.44
1891.5
18910
1892
1893
1894.5
1895
1896
190
190.19
190.59
1900
1900-02-19 00:00:00
19000
1904
1905
1906
1909
191
191.25
191.5
1910
1910.9
19110
1912
1915
1916.8
192
192.3
192.5
192.8
1920
19204.5
19213
1922
1923
1925
19250
1926
1926.22
1927.75
19278.75
193
1930
19300
1932
1932.05
1935
1936
1937.5
1937.65
194
194.4
194.5
1940
1940.1
19400
1943.5
1944
1944.9
19440
1945.05
1947.5
1948.5
195
195.25
195.5
1950
1950.48
19500
19550
1956.97
1957
196
196.5
196.92
196.96
1960
19600
1963.05
1964.25
1965
1965.5
1966
1968
1969.2
197
197.4
197.5
1970
19700
1971
1972.75
1975
19750
1976
1976.14
19760
1977
1978.15
19785
198
198.5
198.75
1980
19800
198140
1982
1984
1985
1986.23
19887
1989
1989.5
199.5
199.98
199.9998
1990
1995
1996
1998
20
20.25
20.5
200
2000
20000
2004
20069
2008
20082.7
2009.93
201
201.1
201.6
2010
20100
2012.52
2016
2018.46
202
202.25
202.5
2020
2020.78
2021.33
2022
2025
2028
2029
203
203.08
2030
2030.1
2032
2035
2037
20370
204
204.12
204.5
2040
20400
2041
2042.5
2045
2046
20462
2047.5
205
205.5
2050
20500
2054
2055
2057.5
2058
206
206.25
206.4
206.8
2060
2061.25
2062.5
2065
2065.2
2066
2068
207
207.35
207.5
207.51
2070
2075
208
208.08
208.5
208.8
2080
2084.88
20841
2085
20850
2088
209
2091.6
209263
2094
2095
2095.2
2096
210
210.5
210.83
2100
21000
2104
21050
211
211.5
2112
2113
2115
2116
212
212.4
212.5
212.8
2120
2124
2125
213
213.4
213.75
2130
2131.22
2134
2135
21375
2138.5
2139
214
214.5
2140
21400
2145
2147
2148.69
2148.84
215
2150
21500
2154
21567.28
2158
216
216.2
2160
2162
2165
217
217.5
2170
21700
2171.4
2172.8
2172.91
21721
2175
2176
218
218.5
218.7
2180
21800
21819
2184.6
2185
2187.5
2188
219
219.05
219.25
219.5
2190
2190.27
2195
2195.06
2196
2197.76
22.5
220
220.5
2200
22000
2202.88
2205
2206.7
2208
2209
221
221.16
221.52
221.55
2210
22113
2212
2214
2215
222
222.4
2220
22200
22221.31202241462
2223.1
2225
2225.15
2226
2226.15
2227.5
223.25
223.8
2230
2232
2235
22360
22380
224
224.25
224.61
224.95
2240
2240.33
2241
2242.5
2243.6
2244
2245
2245.2
2246.1
225
225.15
2250
22500
2256
22560
226.25
226.8
2260
2260.7
2265
22650
2266.22
2268
22680
227.5
2270
2270.46
2275
2276
228
2280
22800
228000
2286
2286.08
2287.8
2288
2291.52
2294
2295
22950
22970
23
23.1
230
230.4
230.5
230.75
230.76
2300
23000
2304
2308.6
2309
231
231.2
231.25
2310
2312.5
2315
23164
2317.7
232
232.5
2320
2321.8
23245
2325
2326
2326.5
2328
233.1
233.29
233.31
233.5
233.73
233.75
233.8
2330
2334
2335
2338
234
234.5
2340
2340.9
2342
2343
2345
235
235.45
235.59
2350
23500
2351.25
2355
2356.25
236
236.25
236.5
236.92
2360
23600
2362
2363.04
2364
2365
23650
2368
237.5
237.9
2370
23700
2375
2375.38
2376
2377.04
238
238.5
2380
23800
2382
23840
2385
23850
23858
239.4
239.7
239.98
239.982
2390
2395
23988.45
2399.92
24
240
240.55
2400
2400.3
24000
2401
240128.46
2405
241.5
2410
2415
2415.4
24175
2418
242
242.5
2420
24200
2425
24250
2426.98
2427.6
24287.5
2429.9
243
2430
24300
2432
2435
2437
2437.5
244
2440
24400
2444
2445
2446.14
2448
245
245.25
2450
2450.0001
24500
24540
2456
24595
246
246.15
246.16
246.2
2460
2464
2465
247.5
2470
24725
24746
2475
2476
247800
248
248.5
2480
24800
24824
24850
249
249.96
249.99952
249.9999
2490
24940
2495
2496
25
25.2
25.5
250
250.0002
250.04
250.5
2500
25000
2503.61
2507.4
2509.99998
251
251.75
2510
2511
252
252.32
2520
2523.65
2525
2525.5
25255
253
2530
2533.3
25344
2535
2536
2538.48
25394.6
254
254.5
2540
2542.08
25480
255
255.2
255.72
2550
25500
2552
25525
256
256.25
2560
2562
2565
25650
2569
257
257.05
257.25
25700
2575
2575.35
258
258.02
258.5
2580
25806.9
2581.75
2583.75
2585
25876
2589
259
259.08
259.2
259.5
2590
25912.8504517402
2592
2595
2599.99998
26
26.1
26.4
260
260.00001
2600
26000
261
261.25
261.3
261.9
2615
26160
2619
262.2
262.5
262.8
2620
26205
2624
2625
2628
263
263.2
2630
2635
2637
264
264.6
2640
26400
26448
2645
26450
265
265.32
265.5
2650
2650.8
26500
26505
2652
2654.85
2655
266
266.1
266.25
266.4
266.5
266.64
2660
2664
26650
2667
267
267.25
2670
2675
2677
268
268.92
2680
26800
2682.44
269.22
26900
2693.96
2694
2695
27
27.3
27.4998
27.5
27.75
270
270.58
270.59
2700
27000
2705
27065.37199018121
2707.5
2710
2710.84
2714
2716
272
272.34
272.5
2720
2721.5
2722.55
2725
2727
273
2730
2734.95
2735
27373
274
274.08
274.26
274.5
274.75
2740
2745
2748
2748.56
2749.5
275
2750
27500
27501.14509426584
275391
2754
27540
27560
276
276.9
276.93
276.96
2760
27600
2765
2769.12
277
277.2
277.5
2770
2770.59
2774
2775
2776
278.8
2780
27800
27809.9
2781.1
2784
2785
2788
279
279.5
2790
2792
2794.73
2795
2796
28
280
280.42
280.8
280.88
2800
28000
2805
2806.11
281.3
28125
2815.98
2817.5
28175
282
2820
28200
2825
2827.5
283.5
283.75
2830
2830.14
28300
2835
28350
2837.52
284
2840
28400
2841
2845
28451
285
285.2
285.88
2850
28500
2855
2856
286
286.25
286.4
286.5
286.92
2860
28600
286900
287
287.5
2870
28700
2875
28750
288
288.75
2880
28800
2884.25
2885
2889.24
289
289.24
289.5
289.58
2890
2892.5
28940
28950
2897.5
29
290
2900
29000
29092.85917893974
291
291.6
2910
29100
2912.42
29197
292
292.32
292.5
2920
2924.57
2925
2928
293.28
2930
29325
2934.99999
29340
2935
2939.91
294
294.4
294.5
2940
2944
2946.14
2948.6
29495
295
295.38
295.5
295.68
2950
2953.8
2955
2958
296
296.1
296.4
2960
2964
2965
2968
297
297.5
297.78
297.9
2970
2975
29750
2976
298
298.8
2980
2985
299.97
299.99998
2990
2992
2995
29950
2996
29985
3
30
300
300.06
300.15
300.6
3000
3000.0024
30000
301.25
301.5
301.56
301.75
30100
3015
3018
302
302.4
302.5
302.68
3020
3021
3024
3024.16
3025
3026
303
303.5
3030
30325
30370
304
304.5
304.62
3040
3045
3048
305
305.5
3050
3059.6
306
306.85
306.9
3060
3062
3065
307.5
307.7
3070
30700
3072
3075
30750
308
308.1
308.25
3080
3081
309
309.5
309.7
3090
31
31.25
31.96
310
310.2
310.8
3100
31000
3104
31040
3105
3105.37
3105.38
3107.48
311.75
3112
312
312.2
312.5
3120
31200
31204.25
31217.49104760281
3124
3125
313.2
313.5
313.96
3130
3132
3134
3136
3138.855386637135
314
314.17
314.6
3140
31480
315
315.4
315.5
3150
3152
316
316.16
316.25
3160
31600
3165
31664
3168
317
317.5
3170
3173
3175
318
318.5
3180
3185
31850
31865
319
319.5
319.6
3190
3195
31971
3198.34
32
32.4
32.5
320
3200
32000
3205
321
32100
3212
3215
3217.5
32180
32190
322
322.5
3220
3222
3225
32250
32270
3228
323.07
3230
3230.5
3232.44
3235
324
3240
32403
3245
3246
32480
325
325.87
3250
32500
3255
326
3260
327.6
3275
328
328.5
3280
3281
3282
32820
3285
329
329.73
3292.75
32950
3298
33
33.5
33.75
33.8
330
3300
3300.83
33000
33003.39943226639
3304.32
331
331.6
33104.25
33190
332
332.28
332.5
3320
3322.25
33223
3325
33250
3326
333.18
333.3
33350
334
334.25
334.4
334.998
3342.7
3342.82
3346
335
3350
33500
3352.69
3356.5
336
3360
3365
337.5
3375
338
338.4
338.48
3380
339.75
3390
34
34.8
340
340.2
3400
34000
341.54
3410
342
342.16
342.5
3420
3424.88
3425
343
3431
3433.8
344
344.05
344.2
344.64
3440
3441
3445
345
345.5
345.6
345.8
345.92
3450
34500
3456
3456.1
3457
346.5
3460
34600
3461.5
3465
347
347.5
347.59
347.65
3470
34730
3475
3478
348
3480
34838
3485
34890
3499.62
35
35.77
35.98
350
350.75
3500
35000
35013
3507.25
351
3510
3515
352
352.5
352.8
3520
3522
3525
353
353.84
3537.05
3537.5
354
3540
3544
3548.61
355
355.32
3550
3555
356
3560
357
357.4
357.5
357.64
3570
3575
358
3580
35800
3584
3585
35876
359.99999
3590.63
3593
3595
36
36.32
36.4
360
3600
36000
3603.58
3607.5
361
361.54
3610
3616
3617.44
3620
36245
3625
3630
3633
3634
3635
3636.06
364
364.75
3640
36450
3647.2
365
365.44
3650
36500
36550
366
366.4
366.6
3660
3663
3664
36646.6
36650
3666
367
367.5
3675
368
3680
3681
36867
369
369.24
3690
3693.369999999999
3695
37
37.5
37.68
370
370.56
3700
3703.52
3705
3707.7
371
371.1
371.25
371.55
372
3720
3725
373.75
37305
3735
374.4
374.5
3740
37490.5
375
375.83
3750
376
376.2
376.3
376.5
3760
3765
377
377.1
377.5
3770
37734
378
378.48
378.5
3780
379
3790
3790.8
3796
38
38.5
380
3800
38000
381
3810
382
382.5
3825
3831.5
384
384.6
3840
3844.9
3845
38470.2
385
3850
3853.45
3855
386
386.4
3864
387.5
3870
3874
3875
388
388.75
388.8
3880
3881
3885
389
3890
39
390
390.48
390.5
390.75
3900
39000
3905
391
3910
3915
3918.75
392
392.25
392.85
3920
3925.5
3928
393
393.66
393.75
393.84
393.98
3930
39350
394
394.2
394.5
394.8
39400
3943.04
3945
3948
395
3950
396
396.9
3960
3961.06
3965
397.5
3970
3971.5
3973
3975
398
398.75
398.93
3980
39800
3985
399
399.13
399.15
399.5
399.96
3990
40
40.42
400
4000
40000
4001.23
4005
4009.49
401.5
4012
402
402.32
4020
4025
403.75
4030
40300
4032
4032.5
4035
404.25
4040
405
4050
4056.25
4059.66
406
4060
40620
407
4070
408
408.4
408.9
4080
4087.998
409
409.3
409.5
41.25
410
4100
411
4110
4110.5
412
412.5
4120
4122
4124
4125
413.04
413.5
413.6
414
414.54
414.75
4140
415
4150
4151.4
4155
416
416.5
4160
4165
417
417.48
417.5
4170
41700
4175
41758
4179
418
418.5
4180
41800
41845
4185
419.18
419.57
4190
4190.4
41950
41980
42
42.5
42.8
42.948
42.96
420
4200
42000
421.2
4210
422
422.3
422.5
4220
4225
423
423.1
4230
424
424.5
4240
4242.25
425
4250
42500
4258
426
4260
4262.48
4268
427.5
427.7
4275
428.17
428.27
428.65
4280
42800
4285
4288
429
4290
42900
4292.25
43
43.5
430
430.5
430.76
4300
43000
431
431.25
431.65
43150
432
432.5
4320
4325
433
4335
43350
43353
434
4340
435
435.0115384615385
4350
4355
436
436.5
436.8
436.92
4365
4369.37
437
437.1
437.5
4370
4375
438
4380
4385
4389
439.73
4394.24
44
44.09999999999999
440
440.02
4400
441
44100
442.5
4425
4428
443.04
443.07
443.75
4439
444
4440
4441.25
445
445.5
4450
44500
4454.37
4457
446.5
44600
4464
447
4470
44730
448
448.3
4480
4481.05
449.96
4490
45
45.59999999999999
45.83
450
4500
45000
451.05
451.2
451.25
4512
4515
452
452.4
452.5
4520
4524
453
453.5
453.75
454
454.5
4544.73
455
4550
45500
4555
456
456.15
4560
457.5
4575
458
4580
45800
459
459.9
4597.54
46
46.16
460
460.3499999999999
4600
461.52
461.55
461.75
4615
462
462.5
4620
4625
4630
464
4640
4646.25
4648
465
465.5
465.76
4650
466
466.62
4664
467
467.5
4675
468
4680
46800
469.7
4692
47
47.25
47.3
47.5
470
470.05
4700
47000
47045
471
471.25
471.42
472.5
4720
4725
4728
473.52
473.76
4730
4740
4743.45
475
475.2
4750
47500
4753
476
476.92
4760
4764
4766
477
477.52
4770
47716
4775.71
478
478.4
478.73
478.8
4780
479.4
4791
4795
48
48.25
48.3
48.5
48.6
480
480.13
4800
4801
4818
4819.5
482.8
4820
48200
4827
483.6
4830
4835
4837.35
484
4840
485
4850
486
486.25
486.5
4860
487.4
487.5
4870
48720
4875
48780
488
488.23
488.8
4880
4885
4890
4895
4896
49
49.23
49.25
490
4900
49007
491.4
4912
492
492.3
492.32
492.75
4925
493
493.5
4935
494
494.7
4940
495
495.25
495.5
4950
49500
496
496.116
496.12
496.32
4960
497.25
497.76
4970
4975
498
498.2
498.47
498.5
498.75
4980
499.5
499.92
499.998
499.99924
499.9997999999999
4990
49900
5
50
50.0001
50.01000000000001
50.4
50.7
50.76
50.85
500
500.0001
500.9678
5000
50000
5005
501.25
5010
5016
5020
503
503.1
503.2
504
504.64
5040
5048
505
505.5
505.8
5050
50500
506
506.25
507
507.6
507.7
508
508.5
508.75
508.8
5080
5084.5
5085
5092
51.53
51.6
510
510.76
5100
5105
511
511.36
512
512.5
5120
51200
513
513.7
51300
514.12
514.6
514.8
5145
5148
515
5150
5150.700000000001
5157
516
516.25
5160
517
517.5
5170
5175
518
518.1656
518.7
519
52
52.5
520
520.5
5200
52000
521.1
521.3
5219
522
522.5
5220
5225
523.05
5240
5240.5
525
525.6
5250
5253
5255
526
526.5
52700
52784
528
528.75
5280
5286
529.1999999999999
5292
53
53.7
530
530.08
530.78
5300
5302
5305
531
531.1
531.7
5310
532
532.5
5320
5326
533.28
533.5
5330
534
5343.666674080669
5349.18
535
5350
53525
536
5360
5362.5
5364.099999999999
537
537.24
537.6800000000001
5375
538
538.45
538.75
5386.5
539
54
54.5
54.999
540
540.5
540.75
5400
5412.6
5424.62
543
54320
5435
5438
544
544.5
544.8
5448
545
545.42
5450
54500
54544
5455
5456.22
546
546.25
5460
5469.44
547
547.5
548
5480
549
549.5
549.999
5490
55
55.2
550
550.72
550.83
5500
55000
5505
5508
552
5520
5522
5525
553
553.8000000000001
553.86
5530
554
5540
555
5550
556
5560
55640
5565
557
5570
55700
55750
558
5580
5585
559.6800000000001
56
56.55
560
5600
56060
561
562.5
5625
5625.62
5626.84
5628
563
5630
5637
564
564.9996
5640
56460
565
5650
5660
5665
567
568.7
56875
57
57.5
570
5700
5715
572
572.3
572.5
573
573.23
5730
5731
574
574.17
574.41
5740
575
5750
5758.38
576
5760
577.5
5775
578
578.59
57950
58
58.5
58.75
580
580.5
5800
58000
582
582.4
582.5
5820
5825
5826
583
583.2
5830
584
5840
585
5850
5868
587
588
5890
59
590
590.72
590.76
5900
59088
591
591.42
591.5
5915
592
5920
5926.22
593.4
593.75
5930
594
594.3000000000001
59450
5948
595
5950
5958
5960
597.2
598
598.33
598.45
5980
5985
59850
6.25
60
60.45
600
6000
6009.150000000001
601.2
601.5
6013
6017
602
603
603.5
603.68
6038
6040
6045
6048
605
606
606.9
607.1999999999999
607.5
6070
608
6080
60870.74
609.42
6094.686864708699
6097
61
61.5
610
6100
61000
611
611.04
6114
612
612.5
612.62
6120
613
6130
6132
6134
614.17
6144.5
6145
615
615.4
615.5
6154.097656101534
616
616.25
616.92
6160
6165
617
617.5
6170
618
618.33
618.52
618.75
6189.9
619
619.4
6195
6196
62
62.09999999999999
62.5
620
620.4000000000001
620.8
6200
62000
621
622.5
622.8
6220
623
6232.45
624
625
625.5
625.65
6250
6255
626
626.23
627
6270
62700
6280
629.5
63
63.05
63.44
63.92
630
630.8
6300
6305
631
632
632.5
6320
63220
6325
63260
6336
6337
634.5
635
6350
636
6360
63625
637
6375
6380
639
639.95
6390
64
64.35
64.44
64.56
64.8
64.9998
640
6400
64000
641.45
6429
64320
644
644.84
6440
645
6450
64500
64550
646.14
6475
648
6480
649
649.56
649.9997999999999
64960
65
65.52
650
6500
6504.000000000001
651
652.5
6520.439686930444
6525
6540
6548
655
655.5
6550
656
656.25
6564
657
657.5
658
6580
659
6595
66
66.25
66.3
660
660.03
6600
66000
661.5
662.5
6620
6625
664
6640
665
6650
6655
6656.14
6657.610501646899
666
666.5999999999999
667
667.8000000000001
6670
668
67
67.5
670
6700
6700.49
67000
671
671.65
672
672.1
672.6
6720
673
673.75
67318
674
674.33
6740
675
6750
676
676.96
6762.44
677
677.04
677.5
6770
6775
678
6780
6795
68
68.4
68.75
680
6800
682
682.5
682.88
68200.7
6825
683.4000000000001
684
684.43
684.99996
6844.6
6848
685
685.54
6850
68590
686
686.4
6867.6
687.5
687.75
688
688.4000000000001
68800
6885
689.75
690
6900
69000
6904
6909
692
692.28
692.8
6925
693
693.5
6930
6945
695
695.6
6950
69500
696
6960
6967
697
697.5
698
6985
699.25
6993
7.5
70
70.2
70.5
700
7000
701.25
702
704
705
705.75
7050
708
7080
7089.12
7094.47
71.5
71.68
710
710.64
7100
712
712.5
7126
713
713.5
714
7140
715
7150
71500
717
7170
718
718.2
718.75
71840
719.1
72
720
7200
72000
721
721.4399999999999
7210
7212.86
722
722.7
723.8000000000001
723.85
7234
724
7245
725
7250
72500
726
726.83
72600
7265
727
727.5
727.9116
7275
728
728.04
7280
729
729.38
73
73.33
73.69
730
7300
731.25
7312
732
732.25
7325
733.1999999999999
734
734.16
734.4000000000001
7345.26
735
735.25
7350
736
73600
73619
7365
737.5
7370
7371
7373.4
7373.400000000001
738
738.4499999999999
7380
739.34
7395
74
74.2
74.99889999999999
740
7400
74000
742
742.5
7425
743.7
744
744.96
7440
7443
745
745.5
746
747.95
7475
748.8
7488
75
75.2
75.6
750
750.75
7500
7505
7512
752
753
753.8299999999999
754
754.72
755
7550
7555
756
756.04
756.5999999999999
756.96
7560
757.46
759
76
76.5
76.91
76.92
760
760.87
7600
761.6
76183.8
762
762.5
763
763.2
765
7650
7656.8
7663
7668.7
767
767.04
767.67
767.75
7675
768
7680
769.2
7695
77
77.1
77.5
770
7700
772.8
7720
7726.05
773
773.32
774.35
7740
7749.52
775
775.5
7750
7765.25
777
778
7785
779
7790
78
78.7
78.75
780
7800
782
783.76
78380
784
7840
78445
785
785.6999999999999
7850
786
786.2
786.6600000000001
787.5
788
788.4000000000001
7885
789
79
79.30000000000001
79.75
790
790.5
7900
7910
792
7920
7922
794
795
7950
7953
796
796.0500000000001
7960
7975
798
798.42
799.92
799.94
80
80.0001
800
8000
801
8012
803
8030
80366
804
8040
805
805.2
8050
8055
806
806.25
8063.49
807.5
8075
809
81
81.92
810
8100
81000
8105
811
812
813.75
8130
814
814.3
8144.4
815
816
817.6999999999999
819
82
82.5
82.8
820
8200
821.2
822
8220
8225
823
823.1999999999999
824.5
8245
825
8250
827.2
827.28
8277.439999999999
828
8285
829
829.08
83.5
830
8300
831
832
832.5
833
833.75
834
835
835.87
8350
836
837
837.5
8370
838.75
84
84.8
840
840.5999999999999
8400
8408.75
842
844
844.44
845
846
846.1500000000001
846.2
847.5
847.92
848
848.75
8480
8486
849.999
8490
85
85.25
85.92
850
850.5
8500
85000
851.25
8510
852
852.5
8530
8535
854
855
855.47
855.5
8550
856
8575
858
858.45
858.75
8584.5
859
86
86.25
86.4
86.5
86.53
860
8600
8603.25
86044
861.52
8610
862
862.5
8620
8625
8635
864
8640
865
865.3
866.82
867
867.93
8675
868
869.5
87
87.08001
87.5
870
8700
872
873.27
873.5999999999999
873.64
874
8748
875
8750
87500
876
8760
877.5
878.4000000000001
879
8790
88
88.5
880
8800
8805
8810
882
8835
884
885
8850
886.5
8862
887
887.25
8870
888
888.3000000000001
8880
889.5
89.5
89.7
890
8900
891
891.07
892.0600000000001
892.5
8920
8925
894
894.73
895
895.24
8950
896
897
897.5
8970
89786.68
898.75
90
900
900.4
9000
90000
901
902
903
905
906.67
907
907.5
908.25
9085
91
91.36
91.5
910
910.76
9100
912
9120
9126.25
913
913.25
9134
915
9150
916.8900000000001
9160
9165
917.81
918
9180
9185
919.8000000000001
92
92.17
92.32
92.5
92.89
920
9200
921.2
921.5
9210
9212
922
922.5
9220
923
923.04
923.0999999999999
9235
924
924.92
925
925.5
92500
926.25
927.5
928
9285
929.77
9290.75
93
93.6
93.68
930
9300
931
931.2
93160
9325
93300
935
9350
936
9360
9365
937.5
9375
938
938.2484414259807
9385.813173644081
939
94
94.80000000000001
940
9400
9420
943.75
944
944.9999999999999
945
9460
947.69
9480
949.6
95
95.55
95.69999999999999
95.88
950
950.4
9500
9504
952
9520.555558888414
953
953.1
953.37
9535
954
955
9555
9570
9575
958.8199999999999
9580
96
96.25
960
9600
9610.2
962.5
964.85
9644
9645
965
9650
966
966.45
9665
967.5
968
968.5500000000001
9680
97
97.19999999999999
97.2
97.5
97.75
970
970.7
9700
972
972.5
973.75
9730
975
9750
976
976.5
9760
97698.4
978
978.75
9780
98
98.46
980
9800
9810
982.5
9825
9830
984
984.5999999999999
984.82
9840
985
985.5
9850
986
986.33
9860
9861
987
987.5
9870
9875
988
989.4
9890
99
990
9900
992
993.65
994.9999999999999
9945
995
9957.677024871065
996
996.3
997.08
997.5
997.78
997.9000000000001
998
9980
9984
999
999.9